# Made in Blockbench 4.6.5
mtllib Rocky.mtl

o hitbox
v 1.34375 3.875 1.625
v 1.34375 3.875 -0.875
v 1.34375 0 1.625
v 1.34375 0 -0.875
v -1.15625 3.875 -0.875
v -1.15625 3.875 1.625
v -1.15625 0 -0.875
v -1.15625 0 1.625
o cube
v -1.0360862212862312 4.73927777890046 0.703125
v -1.0360862212862312 4.73927777890046 0
v -0.5012099837706584 3.5922319859322 0.703125
v -0.5012099837706584 3.5922319859322 0
v -1.6733338840463756 4.442124313614031 0
v -1.6733338840463756 4.442124313614031 0.703125
v -1.138457646530803 3.295078520645771 0
v -1.138457646530803 3.295078520645771 0.703125
vt 0.15625 0.515625
vt 0.1953125 0.515625
vt 0.1953125 0.4453125
vt 0.15625 0.4453125
vt 0.484375 0.5234375
vt 0.5234375 0.5234375
vt 0.5234375 0.453125
vt 0.484375 0.453125
vt 0.4921875 0.625
vt 0.53125 0.625
vt 0.53125 0.5546875
vt 0.4921875 0.5546875
vt 0.5 0.953125
vt 0.5390625 0.953125
vt 0.5390625 0.8828125
vt 0.5 0.8828125
vt 0.6796875 0.7421875
vt 0.640625 0.7421875
vt 0.640625 0.78125
vt 0.6796875 0.78125
vt 0.265625 0.3515625
vt 0.2265625 0.3515625
vt 0.2265625 0.3125
vt 0.265625 0.3125
vn 0 0 -1
vn 0.9063077870366499 0.42261826174069944 0
vn 0 0 1
vn -0.9063077870366499 -0.42261826174069944 0
vn -0.42261826174069944 0.9063077870366499 0
vn 0.42261826174069944 -0.9063077870366499 0
usemtl m_d9305973-deba-ca33-40e9-62517e6e57ed
f 12/4/1 15/3/1 13/2/1 10/1/1
f 11/8/2 12/7/2 10/6/2 9/5/2
f 16/12/3 11/11/3 9/10/3 14/9/3
f 15/16/4 16/15/4 14/14/4 13/13/4
f 14/20/5 9/19/5 10/18/5 13/17/5
f 15/24/6 12/23/6 11/22/6 16/21/6
o cube
v -1.4012585260674035 5.18964521605129 0.5625
v -1.4012585260674035 5.18964521605129 0.140625
v -1.1041050607809741 4.552397553291145 0.5625
v -1.1041050607809741 4.552397553291145 0.140625
v -1.78360712372349 5.011353136879432 0.140625
v -1.78360712372349 5.011353136879432 0.5625
v -1.486453658437061 4.374105474119288 0.140625
v -1.486453658437061 4.374105474119288 0.5625
vt 0.09375 0.4296875
vt 0.1328125 0.4296875
vt 0.1328125 0.375
vt 0.09375 0.375
vt 0.5703125 0.859375
vt 0.609375 0.859375
vt 0.609375 0.8046875
vt 0.5703125 0.8046875
vt 0.1875 0.4296875
vt 0.2265625 0.4296875
vt 0.2265625 0.375
vt 0.1875 0.375
vt 0.3046875 0.4296875
vt 0.34375 0.4296875
vt 0.34375 0.375
vt 0.3046875 0.375
vt 0.3046875 0.3125
vt 0.265625 0.3125
vt 0.265625 0.3515625
vt 0.3046875 0.3515625
vt 0.3828125 0.3515625
vt 0.34375 0.3515625
vt 0.34375 0.3125
vt 0.3828125 0.3125
vn 0 0 -1
vn 0.9063077870366499 0.42261826174069944 0
vn 0 0 1
vn -0.9063077870366499 -0.42261826174069944 0
vn -0.42261826174069944 0.9063077870366499 0
vn 0.42261826174069944 -0.9063077870366499 0
usemtl m_d9305973-deba-ca33-40e9-62517e6e57ed
f 20/28/7 23/27/7 21/26/7 18/25/7
f 19/32/8 20/31/8 18/30/8 17/29/8
f 24/36/9 19/35/9 17/34/9 22/33/9
f 23/40/10 24/39/10 22/38/10 21/37/10
f 22/44/11 17/43/11 18/42/11 21/41/11
f 23/48/12 20/47/12 19/46/12 24/45/12
o cube
v -0.3273230705904201 4.40277807090908 1.0620246392855686
v -0.48876764361944225 4.40277807090908 0.6722629615073692
v -0.029012397277345392 3.6232547153526813 0.9384603125986433
v -0.19045697030636755 3.6232547153526813 0.5486986348204441
v -0.8488604802759796 4.241333497880057 0.8214182981639064
v -0.6874159072469574 4.241333497880057 1.2111799759421058
v -0.5505498069629049 3.4618101423236594 0.6978539714769814
v -0.3891052339338828 3.4618101423236594 1.0876156492551805
vt 0.1328125 0.4296875
vt 0.15625 0.4296875
vt 0.15625 0.3828125
vt 0.1328125 0.3828125
vt 0.453125 0.3203125
vt 0.4765625 0.3203125
vt 0.4765625 0.2734375
vt 0.453125 0.2734375
vt 0.6640625 0.296875
vt 0.6875 0.296875
vt 0.6875 0.25
vt 0.6640625 0.25
vt 0.7109375 0.96875
vt 0.734375 0.96875
vt 0.734375 0.921875
vt 0.7109375 0.921875
vt 0.7734375 0.3359375
vt 0.75 0.3359375
vt 0.75 0.359375
vt 0.7734375 0.359375
vt 0.7734375 0.3359375
vt 0.75 0.3359375
vt 0.75 0.3125
vt 0.7734375 0.3125
vn -0.3826834323650896 0 -0.923879532511287
vn 0.8535533905932738 0.3826834323650897 -0.3535533905932736
vn 0.3826834323650896 0 0.923879532511287
vn -0.8535533905932738 -0.3826834323650897 0.3535533905932736
vn -0.35355339059327384 0.923879532511287 0.14644660940672619
vn 0.35355339059327384 -0.923879532511287 -0.14644660940672619
usemtl m_d9305973-deba-ca33-40e9-62517e6e57ed
f 28/52/13 31/51/13 29/50/13 26/49/13
f 27/56/14 28/55/14 26/54/14 25/53/14
f 32/60/15 27/59/15 25/58/15 30/57/15
f 31/64/16 32/63/16 30/62/16 29/61/16
f 30/68/17 25/67/17 26/66/17 29/65/17
f 31/72/18 28/71/18 27/70/18 32/69/18
o cube
v -0.0998346386687754 4.0778437499999995 0.5936941978520593
v -0.39774756441743264 4.0778437499999995 0.2957812721034019
v -0.0998346386687754 3.23465625 0.5936941978520593
v -0.39774756441743264 3.23465625 0.2957812721034019
v -0.6956604901660901 4.0778437499999995 0.5936941978520591
v -0.3977475644174328 4.0778437499999995 0.8916071236007164
v -0.6956604901660901 3.23465625 0.5936941978520591
v -0.3977475644174328 3.23465625 0.8916071236007164
vt 0.7109375 0.8203125
vt 0.734375 0.8203125
vt 0.734375 0.7734375
vt 0.7109375 0.7734375
vt 0.7109375 0.7734375
vt 0.734375 0.7734375
vt 0.734375 0.7265625
vt 0.7109375 0.7265625
vt 0.3046875 0.2890625
vt 0.328125 0.2890625
vt 0.328125 0.2421875
vt 0.3046875 0.2421875
vt 0.4765625 0.2890625
vt 0.5 0.2890625
vt 0.5 0.2421875
vt 0.4765625 0.2421875
vt 0.0234375 0.21875
vt 0 0.21875
vt 0 0.2421875
vt 0.0234375 0.2421875
vt 0.78125 1
vt 0.7578125 1
vt 0.7578125 0.9765625
vt 0.78125 0.9765625
vn -0.7071067811865474 0 -0.7071067811865477
vn 0.7071067811865477 0 -0.7071067811865474
vn 0.7071067811865474 0 0.7071067811865477
vn -0.7071067811865477 0 0.7071067811865474
vn 0 1 0
vn 0 -1 0
usemtl m_d9305973-deba-ca33-40e9-62517e6e57ed
f 36/76/19 39/75/19 37/74/19 34/73/19
f 35/80/20 36/79/20 34/78/20 33/77/20
f 40/84/21 35/83/21 33/82/21 38/81/21
f 39/88/22 40/87/22 38/86/22 37/85/22
f 38/92/23 33/91/23 34/90/23 37/89/23
f 39/96/24 36/95/24 35/94/24 40/93/24
o cube
v -1.4413383527281856 3.4909000766044413 1.7147131253515981
v -1.404852922422564 4.002299396889105 1.0445985000166504
v -1.4279856909901971 2.7080892350535626 1.1180364680237658
v -1.3915002606845757 3.219488555338226 0.4479218426888181
v -2.2477360013113827 4.015325114403415 1.008647025691634
v -2.284221431617005 3.503925794118752 1.6787616510265817
v -2.2343833395733945 3.232514272852537 0.41197036836380185
v -2.2708687698790158 2.721114952567873 1.0820849936987496
vt 0.2734375 0.6640625
vt 0.3203125 0.6640625
vt 0.3203125 0.609375
vt 0.2734375 0.609375
vt 0.5078125 0.7734375
vt 0.5546875 0.7734375
vt 0.5546875 0.71875
vt 0.5078125 0.71875
vt 0.265625 0.4921875
vt 0.3125 0.4921875
vt 0.3125 0.4375
vt 0.265625 0.4375
vt 0 0.484375
vt 0.046875 0.484375
vt 0.046875 0.4296875
vt 0 0.4296875
vt 0.609375 0.390625
vt 0.5625 0.390625
vt 0.5625 0.4375
vt 0.609375 0.4375
vt 0.046875 0.4296875
vt 0 0.4296875
vt 0 0.3828125
vt 0.046875 0.3828125
vn 0.04324199147332928 0.606102898115157 -0.7942099263229012
vn 0.998972537942304 -0.015437887424368055 0.04260915475557482
vn -0.04324199147332928 -0.606102898115157 0.7942099263229012
vn -0.998972537942304 0.015437887424368055 -0.04260915475557482
vn -0.013564608749702506 0.7952364104643851 0.606147715380655
vn 0.013564608749702506 -0.7952364104643851 -0.606147715380655
usemtl m_d9305973-deba-ca33-40e9-62517e6e57ed
f 44/100/25 47/99/25 45/98/25 42/97/25
f 43/104/26 44/103/26 42/102/26 41/101/26
f 48/108/27 43/107/27 41/106/27 46/105/27
f 47/112/28 48/111/28 46/110/28 45/109/28
f 46/116/29 41/115/29 42/114/29 45/113/29
f 47/120/30 44/119/30 43/118/30 48/117/30
o cube
v -1.5948131918796544 4.696605451786478 2.4494306668289836
v -1.5704895716759066 5.037538331976254 2.0026875832723516
v -1.5757379608253852 3.5783042495709374 1.5970354420749375
v -1.5514143406216374 3.919237129760713 1.1502923585183056
v -2.132411624268453 5.046222143652462 1.9787199337223407
v -2.156735244472201 4.705289263462686 2.4254630172789726
v -2.113336393214184 3.92792094143692 1.1263247089682946
v -2.137660013417932 3.586988061247144 1.5730677925249266
vt 0.09375 0.515625
vt 0.125 0.515625
vt 0.125 0.4375
vt 0.09375 0.4375
vt 0.484375 0.453125
vt 0.515625 0.453125
vt 0.515625 0.375
vt 0.484375 0.375
vt 0.15625 0.4453125
vt 0.1875 0.4453125
vt 0.1875 0.3671875
vt 0.15625 0.3671875
vt 0.5546875 0.7890625
vt 0.5859375 0.7890625
vt 0.5859375 0.7109375
vt 0.5546875 0.7109375
vt 0.359375 0.25
vt 0.328125 0.25
vt 0.328125 0.28125
vt 0.359375 0.28125
vt 0.390625 0.28125
vt 0.359375 0.28125
vt 0.359375 0.25
vt 0.390625 0.25
vn 0.04324199147332928 0.606102898115157 -0.7942099263229012
vn 0.998972537942304 -0.015437887424368055 0.04260915475557482
vn -0.04324199147332928 -0.606102898115157 0.7942099263229012
vn -0.998972537942304 0.015437887424368055 -0.04260915475557482
vn -0.013564608749702506 0.7952364104643851 0.606147715380655
vn 0.013564608749702506 -0.7952364104643851 -0.606147715380655
usemtl m_d9305973-deba-ca33-40e9-62517e6e57ed
f 52/124/31 55/123/31 53/122/31 50/121/31
f 51/128/32 52/127/32 50/126/32 49/125/32
f 56/132/33 51/131/33 49/130/33 54/129/33
f 55/136/34 56/135/34 54/134/34 53/133/34
f 54/140/35 49/139/35 50/138/35 53/137/35
f 55/144/36 52/143/36 51/142/36 56/141/36
o cube
v -2.1639491167362186 4.342075002366631 1.165979210765812
v -2.2334763912428057 4.633517411614043 0.6899187837276575
v -1.7014639764567674 2.988913454275024 0.2700341400237365
v -1.7709912509633543 3.280355863522436 -0.20602628701441783
v -2.7699522753355543 4.466131638424979 0.6657966212872144
v -2.700425000828968 4.174689229177568 1.141857048325369
v -2.307467135056103 3.112970090333373 -0.23014844945486068
v -2.237939860549516 2.821527681085961 0.24591197758329386
vt 0.46875 0.71875
vt 0.5 0.71875
vt 0.5 0.625
vt 0.46875 0.625
vt 0.125 0.5234375
vt 0.15625 0.5234375
vt 0.15625 0.4296875
vt 0.125 0.4296875
vt 0.328125 0.5234375
vt 0.359375 0.5234375
vt 0.359375 0.4296875
vt 0.328125 0.4296875
vt 0.359375 0.5234375
vt 0.390625 0.5234375
vt 0.390625 0.4296875
vt 0.359375 0.4296875
vt 0.421875 0.25
vt 0.390625 0.25
vt 0.390625 0.28125
vt 0.421875 0.28125
vt 0.453125 0.28125
vt 0.421875 0.28125
vt 0.421875 0.25
vt 0.453125 0.25
vn -0.12360404356726559 0.5181198386620651 -0.8463296480678302
vn 0.9537349050537756 0.2975747078916679 0.04288384433856504
vn 0.12360404356726559 -0.5181198386620651 0.8463296480678302
vn -0.9537349050537756 -0.2975747078916679 -0.04288384433856504
vn -0.27406526831374906 0.8018735099802113 0.5309304122916003
vn 0.27406526831374906 -0.8018735099802113 -0.5309304122916003
usemtl m_d9305973-deba-ca33-40e9-62517e6e57ed
f 60/148/37 63/147/37 61/146/37 58/145/37
f 59/152/38 60/151/38 58/150/38 57/149/38
f 64/156/39 59/155/39 57/154/39 62/153/39
f 63/160/40 64/159/40 62/158/40 61/157/40
f 62/164/41 57/163/41 58/162/41 61/161/41
f 63/168/42 60/167/42 59/166/42 64/165/42
o cube
v -2.623773333239021 5.275196860108955 1.6382302772242125
v -2.658536970492314 5.420918064732661 1.4002000637051353
v -2.238369049672811 4.147562236699284 0.8916093849391498
v -2.2731326869261044 4.2932834413229894 0.6535791714200725
v -2.926774912538688 5.33722517813813 1.388138982484914
v -2.8920112752853955 5.191503973514424 1.6261691960039912
v -2.5413706289724787 4.209590554728457 0.6415180901998512
v -2.506606991719185 4.063869350104753 0.8795483037189284
vt 0.390625 0.5234375
vt 0.421875 0.5234375
vt 0.421875 0.4296875
vt 0.390625 0.4296875
vt 0.421875 0.5234375
vt 0.453125 0.5234375
vt 0.453125 0.4296875
vt 0.421875 0.4296875
vt 0.453125 0.5234375
vt 0.484375 0.5234375
vt 0.484375 0.4296875
vt 0.453125 0.4296875
vt 0.0625 0.515625
vt 0.09375 0.515625
vt 0.09375 0.421875
vt 0.0625 0.421875
vt 0.75 0.5390625
vt 0.71875 0.5390625
vt 0.71875 0.5703125
vt 0.75 0.5703125
vt 0.75 0.3671875
vt 0.71875 0.3671875
vt 0.71875 0.3359375
vt 0.75 0.3359375
vn -0.12360404356726559 0.5181198386620651 -0.8463296480678302
vn 0.9537349050537756 0.2975747078916679 0.04288384433856504
vn 0.12360404356726559 -0.5181198386620651 0.8463296480678302
vn -0.9537349050537756 -0.2975747078916679 -0.04288384433856504
vn -0.27406526831374906 0.8018735099802113 0.5309304122916003
vn 0.27406526831374906 -0.8018735099802113 -0.5309304122916003
usemtl m_d9305973-deba-ca33-40e9-62517e6e57ed
f 68/172/43 71/171/43 69/170/43 66/169/43
f 67/176/44 68/175/44 66/174/44 65/173/44
f 72/180/45 67/179/45 65/178/45 70/177/45
f 71/184/46 72/183/46 70/182/46 69/181/46
f 70/188/47 65/187/47 66/186/47 69/185/47
f 71/192/48 68/191/48 67/190/48 72/189/48
o cube
v -1.5588667303829875 2.385170921128003 0.7253164923186142
v -1.5588667303829875 2.556105846018888 -0.24410363955277825
v -1.3474329651065458 1.7247763410120545 0.6088711099305342
v -1.3474329651065458 1.8957112659029391 -0.360549021940858
v -2.6317982999747427 2.222951267950402 -0.3028477804127968
v -2.6317982999747427 2.0520163430595173 0.6665723514585955
v -2.420364534698301 1.5625566878344532 -0.4192931628008766
v -2.420364534698301 1.3916217629435688 0.5501269690705155
vt 0.5546875 0.7109375
vt 0.6171875 0.7109375
vt 0.6171875 0.671875
vt 0.5546875 0.671875
vt 0.5859375 0.8046875
vt 0.640625 0.8046875
vt 0.640625 0.765625
vt 0.5859375 0.765625
vt 0.5546875 0.671875
vt 0.6171875 0.671875
vt 0.6171875 0.6328125
vt 0.5546875 0.6328125
vt 0.5859375 0.765625
vt 0.640625 0.765625
vt 0.640625 0.7265625
vt 0.5859375 0.7265625
vt 0.125 0.515625
vt 0.0625 0.515625
vt 0.0625 0.5703125
vt 0.125 0.5703125
vt 0.5 0.890625
vt 0.4375 0.890625
vt 0.4375 0.8359375
vt 0.5 0.8359375
vn -2.0816681711721685e-17 0.17364817766693041 -0.9848077530122081
vn 0.9537169507482268 0.29613740272754274 0.05221701409779437
vn 2.0816681711721685e-17 -0.17364817766693041 0.9848077530122081
vn -0.9537169507482268 -0.29613740272754274 -0.05221701409779437
vn -0.3007057995042731 0.939227847276016 0.16561121050749125
vn 0.3007057995042731 -0.939227847276016 -0.16561121050749125
usemtl m_d9305973-deba-ca33-40e9-62517e6e57ed
f 76/196/49 79/195/49 77/194/49 74/193/49
f 75/200/50 76/199/50 74/198/50 73/197/50
f 80/204/51 75/203/51 73/202/51 78/201/51
f 79/208/52 80/207/52 78/206/52 77/205/52
f 78/212/53 73/211/53 74/210/53 77/209/53
f 79/216/54 76/215/54 75/214/54 80/213/54
o cube
v -1.749782303703454 1.6486819242051967 0.3098648765733437
v -1.749782303703454 1.746359024142845 -0.24408948449602325
v -1.538348538427012 0.9882873440892477 0.19341949418526405
v -1.538348538427012 1.085964444026896 -0.36053486688410297
v -2.2862480884993315 1.579781735108602 -0.2734615549260325
v -2.2862480884993315 1.4821046351709537 0.2804928061433345
v -2.0748143232228893 0.9193871549926533 -0.3899069373141123
v -2.0748143232228893 0.8217100550550049 0.16404742375525472
vt 0.6953125 0.890625
vt 0.7265625 0.890625
vt 0.7265625 0.8515625
vt 0.6953125 0.8515625
vt 0.6953125 0.6484375
vt 0.7265625 0.6484375
vt 0.7265625 0.609375
vt 0.6953125 0.609375
vt 0.6953125 0.4609375
vt 0.7265625 0.4609375
vt 0.7265625 0.421875
vt 0.6953125 0.421875
vt 0.6953125 0.421875
vt 0.7265625 0.421875
vt 0.7265625 0.3828125
vt 0.6953125 0.3828125
vt 0.75 0.3046875
vt 0.71875 0.3046875
vt 0.71875 0.3359375
vt 0.75 0.3359375
vt 0.7578125 1
vt 0.7265625 1
vt 0.7265625 0.96875
vt 0.7578125 0.96875
vn -2.0816681711721685e-17 0.17364817766693041 -0.9848077530122081
vn 0.9537169507482268 0.29613740272754274 0.05221701409779437
vn 2.0816681711721685e-17 -0.17364817766693041 0.9848077530122081
vn -0.9537169507482268 -0.29613740272754274 -0.05221701409779437
vn -0.3007057995042731 0.939227847276016 0.16561121050749125
vn 0.3007057995042731 -0.939227847276016 -0.16561121050749125
usemtl m_d9305973-deba-ca33-40e9-62517e6e57ed
f 84/220/55 87/219/55 85/218/55 82/217/55
f 83/224/56 84/223/56 82/222/56 81/221/56
f 88/228/57 83/227/57 81/226/57 86/225/57
f 87/232/58 88/231/58 86/230/58 85/229/58
f 86/236/59 81/235/59 82/234/59 85/233/59
f 87/240/60 84/239/60 83/238/60 88/237/60
o cube
v -2.2862480884993315 1.5065239101553658 0.14200421587599277
v -2.2862480884993315 1.55536246012419 -0.1349729646586908
v -2.159387829333466 1.1102871620857966 0.07213698644314481
v -2.159387829333466 1.1591257120546208 -0.20484019409153864
v -2.420364534698301 1.513718137865629 -0.14231598226619313
v -2.420364534698301 1.464879587896805 0.13466119826849032
v -2.2935042755324355 1.11748138979606 -0.21218321169904097
v -2.2935042755324355 1.0686428398272358 0.06479396883564259
vt 0.2109375 0.21875
vt 0.21875 0.21875
vt 0.21875 0.1953125
vt 0.2109375 0.1953125
vt 0.59375 0.3515625
vt 0.609375 0.3515625
vt 0.609375 0.328125
vt 0.59375 0.328125
vt 0.21875 0.21875
vt 0.2265625 0.21875
vt 0.2265625 0.1953125
vt 0.21875 0.1953125
vt 0.0703125 0.234375
vt 0.0859375 0.234375
vt 0.0859375 0.2109375
vt 0.0703125 0.2109375
vt 0.1953125 0.4296875
vt 0.1875 0.4296875
vt 0.1875 0.4453125
vt 0.1953125 0.4453125
vt 0.6171875 0.7265625
vt 0.609375 0.7265625
vt 0.609375 0.7109375
vt 0.6171875 0.7109375
vn -2.0816681711721685e-17 0.17364817766693041 -0.9848077530122081
vn 0.9537169507482268 0.29613740272754274 0.05221701409779437
vn 2.0816681711721685e-17 -0.17364817766693041 0.9848077530122081
vn -0.9537169507482268 -0.29613740272754274 -0.05221701409779437
vn -0.3007057995042731 0.939227847276016 0.16561121050749125
vn 0.3007057995042731 -0.939227847276016 -0.16561121050749125
usemtl m_d9305973-deba-ca33-40e9-62517e6e57ed
f 92/244/61 95/243/61 93/242/61 90/241/61
f 91/248/62 92/247/62 90/246/62 89/245/62
f 96/252/63 91/251/63 89/250/63 94/249/63
f 95/256/64 96/255/64 94/254/64 93/253/64
f 94/260/65 89/259/65 90/258/65 93/257/65
f 95/264/66 92/263/66 91/262/66 96/261/66
o cube
v -1.926369162343999 1.8364950099808794 -0.22848166699461453
v -1.926369162343999 1.8608166078653539 -0.3664163029008869
v -1.7573912971350665 1.308707661552213 -0.3215448165991679
v -1.7573912971350665 1.3330292594366875 -0.45947945250544026
v -2.194065588957142 1.7776945406372668 -0.38107296604546154
v -2.194065588957142 1.753372942752792 -0.24313833013918917
v -2.0250877237482094 1.2499071922086002 -0.4741361156500149
v -2.0250877237482094 1.2255855943241258 -0.3362014797437425
vt 0.3046875 0.2421875
vt 0.3203125 0.2421875
vt 0.3203125 0.2109375
vt 0.3046875 0.2109375
vt 0.7578125 0.2265625
vt 0.765625 0.2265625
vt 0.765625 0.1953125
vt 0.7578125 0.1953125
vt 0.4765625 0.2421875
vt 0.4921875 0.2421875
vt 0.4921875 0.2109375
vt 0.4765625 0.2109375
vt 0.765625 0.2265625
vt 0.7734375 0.2265625
vt 0.7734375 0.1953125
vt 0.765625 0.1953125
vt 0.09375 0.375
vt 0.078125 0.375
vt 0.078125 0.3828125
vt 0.09375 0.3828125
vt 0.7265625 0.71875
vt 0.7109375 0.71875
vt 0.7109375 0.7109375
vt 0.7265625 0.7109375
vn -2.0816681711721685e-17 0.17364817766693041 -0.9848077530122081
vn 0.9537169507482268 0.29613740272754274 0.05221701409779437
vn 2.0816681711721685e-17 -0.17364817766693041 0.9848077530122081
vn -0.9537169507482268 -0.29613740272754274 -0.05221701409779437
vn -0.3007057995042731 0.939227847276016 0.16561121050749125
vn 0.3007057995042731 -0.939227847276016 -0.16561121050749125
usemtl m_d9305973-deba-ca33-40e9-62517e6e57ed
f 100/268/67 103/267/67 101/266/67 98/265/67
f 99/272/68 100/271/68 98/270/68 97/269/68
f 104/276/69 99/275/69 97/274/69 102/273/69
f 103/280/70 104/279/70 102/278/70 101/277/70
f 102/284/71 97/283/71 98/282/71 101/281/71
f 103/288/72 100/287/72 99/286/72 104/285/72
o cube
v -1.4042320922280425 1.0299316663478084 0.20076251179276638
v -1.4042320922280425 1.152028041269869 -0.49168043954394236
v -1.1927983269516003 0.36953708623185966 0.08431712940468661
v -1.1927983269516003 0.49163346115392015 -0.6081258219320221
v -2.2089307694218587 0.9021621077185047 -0.5357385451889564
v -2.2089307694218587 0.7800657327964442 0.15670440614775238
v -1.9974970041454168 0.24176752760255593 -0.6521839275770361
v -1.9974970041454168 0.11967115268049544 0.04025902375967261
vt 0.6171875 0.9609375
vt 0.6640625 0.9609375
vt 0.6640625 0.921875
vt 0.6171875 0.921875
vt 0.65625 0.4609375
vt 0.6953125 0.4609375
vt 0.6953125 0.421875
vt 0.65625 0.421875
vt 0.6171875 0.921875
vt 0.6640625 0.921875
vt 0.6640625 0.8828125
vt 0.6171875 0.8828125
vt 0.65625 0.421875
vt 0.6953125 0.421875
vt 0.6953125 0.3828125
vt 0.65625 0.3828125
vt 0.6640625 0.6875
vt 0.6171875 0.6875
vt 0.6171875 0.7265625
vt 0.6640625 0.7265625
vt 0.6640625 0.6875
vt 0.6171875 0.6875
vt 0.6171875 0.6484375
vt 0.6640625 0.6484375
vn -2.0816681711721685e-17 0.17364817766693041 -0.9848077530122081
vn 0.9537169507482268 0.29613740272754274 0.05221701409779437
vn 2.0816681711721685e-17 -0.17364817766693041 0.9848077530122081
vn -0.9537169507482268 -0.29613740272754274 -0.05221701409779437
vn -0.3007057995042731 0.939227847276016 0.16561121050749125
vn 0.3007057995042731 -0.939227847276016 -0.16561121050749125
usemtl m_d9305973-deba-ca33-40e9-62517e6e57ed
f 108/292/73 111/291/73 109/290/73 106/289/73
f 107/296/74 108/295/74 106/294/74 105/293/74
f 112/300/75 107/299/75 105/298/75 110/297/75
f 111/304/76 112/303/76 110/302/76 109/301/76
f 110/308/77 105/307/77 106/306/77 109/305/77
f 111/312/78 108/311/78 107/310/78 112/309/78
o cube
v -1.2278288929737846 0.8906585226143553 0.46179363345733615
v -1.2278288929737846 1.0371741725208279 -0.36913790814671427
v -1.1009686338079194 0.49442177454478586 0.3919264040244883
v -1.1009686338079194 0.6409374244512585 -0.4390051375795621
v -1.8984111239686317 0.8289525612280244 -0.4058529961842259
v -1.8984111239686317 0.6824369113215518 0.4250785454198246
v -1.7715508648027662 0.432715813158455 -0.4757202256170738
v -1.7715508648027662 0.2862001632519825 0.35521131598697664
vt 0.734375 0.96875
vt 0.7734375 0.96875
vt 0.7734375 0.9453125
vt 0.734375 0.9453125
vt 0.6875 0.2890625
vt 0.734375 0.2890625
vt 0.734375 0.265625
vt 0.6875 0.265625
vt 0.734375 0.9453125
vt 0.7734375 0.9453125
vt 0.7734375 0.921875
vt 0.734375 0.921875
vt 0.71875 0.8515625
vt 0.765625 0.8515625
vt 0.765625 0.828125
vt 0.71875 0.828125
vt 0.1171875 0.328125
vt 0.078125 0.328125
vt 0.078125 0.375
vt 0.1171875 0.375
vt 0.15625 0.375
vt 0.1171875 0.375
vt 0.1171875 0.328125
vt 0.15625 0.328125
vn -2.0816681711721685e-17 0.17364817766693041 -0.9848077530122081
vn 0.9537169507482268 0.29613740272754274 0.05221701409779437
vn 2.0816681711721685e-17 -0.17364817766693041 0.9848077530122081
vn -0.9537169507482268 -0.29613740272754274 -0.05221701409779437
vn -0.3007057995042731 0.939227847276016 0.16561121050749125
vn 0.3007057995042731 -0.939227847276016 -0.16561121050749125
usemtl m_d9305973-deba-ca33-40e9-62517e6e57ed
f 116/316/79 119/315/79 117/314/79 114/313/79
f 115/320/80 116/319/80 114/318/80 113/317/80
f 120/324/81 115/323/81 113/322/81 118/321/81
f 119/328/82 120/327/82 118/326/82 117/325/82
f 118/332/83 113/331/83 114/330/83 117/329/83
f 119/336/84 116/335/84 115/334/84 120/333/84
o cube
v -1.4818249003849462 1.7071033818480141 0.4625321400026329
v -1.4818249003849462 1.8534725161045804 -0.36756847005981363
v -1.397505114792701 1.4437380232977737 0.41609372150626667
v -1.397505114792701 1.59010715755434 -0.41400688855617984
v -2.419835325100538 1.5622121262282067 -0.4189255352066849
v -2.419835325100538 1.4158429919716404 0.41117507485576155
v -2.335515539508293 1.298846767677966 -0.4653639537030511
v -2.335515539508293 1.1524776334214 0.36473665635939534
vt 0.734375 0.7734375
vt 0.7890625 0.7734375
vt 0.7890625 0.7578125
vt 0.734375 0.7578125
vt 0.0703125 0.25
vt 0.1171875 0.25
vt 0.1171875 0.234375
vt 0.0703125 0.234375
vt 0.734375 0.7578125
vt 0.7890625 0.7578125
vt 0.7890625 0.7421875
vt 0.734375 0.7421875
vt 0.1171875 0.25
vt 0.1640625 0.25
vt 0.1640625 0.234375
vt 0.1171875 0.234375
vt 0.5546875 0.625
vt 0.5 0.625
vt 0.5 0.671875
vt 0.5546875 0.671875
vt 0.5703125 0.8359375
vt 0.515625 0.8359375
vt 0.515625 0.7890625
vt 0.5703125 0.7890625
vn -2.0816681711721685e-17 0.17364817766693041 -0.9848077530122081
vn 0.9537169507482268 0.29613740272754274 0.05221701409779437
vn 2.0816681711721685e-17 -0.17364817766693041 0.9848077530122081
vn -0.9537169507482268 -0.29613740272754274 -0.05221701409779437
vn -0.3007057995042731 0.939227847276016 0.16561121050749125
vn 0.3007057995042731 -0.939227847276016 -0.16561121050749125
usemtl m_d9305973-deba-ca33-40e9-62517e6e57ed
f 124/340/85 127/339/85 125/338/85 122/337/85
f 123/344/86 124/343/86 122/342/86 121/341/86
f 128/348/87 123/347/87 121/346/87 126/345/87
f 127/352/88 128/351/88 126/350/88 125/349/88
f 126/356/89 121/355/89 122/354/89 125/353/89
f 127/360/90 124/359/90 123/358/90 128/357/90
o cube
v -2.5895115469194545 1.9443567020207397 0.5047946847136378
v -2.5895115469194545 2.0664530769428002 -0.187648266623071
v -2.420364534698301 1.4160410379279809 0.4116383788031739
v -2.420364534698301 1.5381374128500411 -0.28080457253353486
v -2.723627993118424 2.0248087546842397 -0.19499128423057333
v -2.723627993118424 1.9027123797621792 0.4974516671061354
v -2.5544809808972704 1.4964930905914806 -0.2881475901410372
v -2.5544809808972704 1.3743967156694201 0.40429536119567155
vt 0.6328125 0.2265625
vt 0.640625 0.2265625
vt 0.640625 0.1953125
vt 0.6328125 0.1953125
vt 0.6875 0.4921875
vt 0.7265625 0.4921875
vt 0.7265625 0.4609375
vt 0.6875 0.4609375
vt 0.7734375 0.359375
vt 0.78125 0.359375
vt 0.78125 0.328125
vt 0.7734375 0.328125
vt 0.046875 0.3046875
vt 0.0859375 0.3046875
vt 0.0859375 0.2734375
vt 0.046875 0.2734375
vt 0.7421875 0.1953125
vt 0.734375 0.1953125
vt 0.734375 0.234375
vt 0.7421875 0.234375
vt 0.75 0.234375
vt 0.7421875 0.234375
vt 0.7421875 0.1953125
vt 0.75 0.1953125
vn -2.0816681711721685e-17 0.17364817766693041 -0.9848077530122081
vn 0.9537169507482268 0.29613740272754274 0.05221701409779437
vn 2.0816681711721685e-17 -0.17364817766693041 0.9848077530122081
vn -0.9537169507482268 -0.29613740272754274 -0.05221701409779437
vn -0.3007057995042731 0.939227847276016 0.16561121050749125
vn 0.3007057995042731 -0.939227847276016 -0.16561121050749125
usemtl m_d9305973-deba-ca33-40e9-62517e6e57ed
f 132/364/91 135/363/91 133/362/91 130/361/91
f 131/368/92 132/367/92 130/366/92 129/365/92
f 136/372/93 131/371/93 129/370/93 134/369/93
f 135/376/94 136/375/94 134/374/94 133/373/94
f 134/380/95 129/379/95 130/378/95 133/377/95
f 135/384/96 132/383/96 131/382/96 136/381/96
o cube
v -1.2129653953957815 3.3718315268936907 1.042085745213696
v -1.2129653953957815 3.5916050017533996 -0.2043115671923798
v -1.396517853205229 1.9987935150990999 0.799982098196002
v -1.396517853205229 2.2185669899588087 -0.4464152142100739
v -2.4677627980720103 3.7542924969350704 -0.17562537236797277
v -2.4677627980720103 3.5345190220753615 1.070771940038103
v -2.6513152558814577 2.3812544851404795 -0.41772901938566687
v -2.6513152558814577 2.1614810102807707 0.828668293020409
vt 0.25 0.8203125
vt 0.3203125 0.8203125
vt 0.3203125 0.7421875
vt 0.25 0.7421875
vt 0.25 0.7421875
vt 0.3203125 0.7421875
vt 0.3203125 0.6640625
vt 0.25 0.6640625
vt 0 0.734375
vt 0.0703125 0.734375
vt 0.0703125 0.65625
vt 0 0.65625
vt 0.0703125 0.71875
vt 0.140625 0.71875
vt 0.140625 0.640625
vt 0.0703125 0.640625
vt 0.390625 0.609375
vt 0.3203125 0.609375
vt 0.3203125 0.6796875
vt 0.390625 0.6796875
vt 0.2109375 0.671875
vt 0.140625 0.671875
vt 0.140625 0.6015625
vt 0.2109375 0.6015625
vn -2.0816681711721685e-17 0.17364817766693044 -0.984807753012208
vn 0.9914448613738106 -0.12854320606946854 -0.02266563541681544
vn 2.0816681711721685e-17 -0.17364817766693044 0.984807753012208
vn -0.9914448613738106 0.12854320606946854 0.02266563541681544
vn 0.1305261922200516 0.9763825861650425 0.17216259343480467
vn -0.1305261922200516 -0.9763825861650425 -0.17216259343480467
usemtl m_d9305973-deba-ca33-40e9-62517e6e57ed
f 140/388/97 143/387/97 141/386/97 138/385/97
f 139/392/98 140/391/98 138/390/98 137/389/98
f 144/396/99 139/395/99 137/394/99 142/393/99
f 143/400/100 144/399/100 142/398/100 141/397/100
f 142/404/101 137/403/101 138/402/101 141/401/101
f 143/408/102 140/407/102 139/406/102 144/405/102
o cube
v -2.4677627980720103 3.5589382970597736 0.9322833497707612
v -2.4677627980720103 3.7298732219506583 -0.03713678210063098
v -2.5962495185386234 2.59781168880356 0.7628107968583753
v -2.5962495185386234 2.7687466136944447 -0.20660933501301693
v -2.6071847317027026 3.747949610304177 -0.03394942712014126
v -2.6071847317027026 3.5770146854132925 0.9354707047512509
v -2.7356714521693157 2.786823002047964 -0.2034219800325272
v -2.7356714521693157 2.6158880771570794 0.765998151838865
vt 0.3203125 0.2421875
vt 0.328125 0.2421875
vt 0.328125 0.1875
vt 0.3203125 0.1875
vt 0.453125 0.7734375
vt 0.5078125 0.7734375
vt 0.5078125 0.71875
vt 0.453125 0.71875
vt 0.4921875 0.2421875
vt 0.5 0.2421875
vt 0.5 0.1875
vt 0.4921875 0.1875
vt 0.2734375 0.546875
vt 0.328125 0.546875
vt 0.328125 0.4921875
vt 0.2734375 0.4921875
vt 0.6953125 0.1875
vt 0.6875 0.1875
vt 0.6875 0.2421875
vt 0.6953125 0.2421875
vt 0.703125 0.2421875
vt 0.6953125 0.2421875
vt 0.6953125 0.1875
vt 0.703125 0.1875
vn -2.0816681711721685e-17 0.17364817766693044 -0.984807753012208
vn 0.9914448613738106 -0.12854320606946854 -0.02266563541681544
vn 2.0816681711721685e-17 -0.17364817766693044 0.984807753012208
vn -0.9914448613738106 0.12854320606946854 0.02266563541681544
vn 0.1305261922200516 0.9763825861650425 0.17216259343480467
vn -0.1305261922200516 -0.9763825861650425 -0.17216259343480467
usemtl m_d9305973-deba-ca33-40e9-62517e6e57ed
f 148/412/103 151/411/103 149/410/103 146/409/103
f 147/416/104 148/415/104 146/414/104 145/413/104
f 152/420/105 147/419/105 145/418/105 150/417/105
f 151/424/106 152/423/106 150/422/106 149/421/106
f 150/428/107 145/427/107 146/426/107 149/425/107
f 151/432/108 148/431/108 147/430/108 152/429/108
o cube
v -1.0811401765000628 3.7206855977631257 0.5956883470481249
v -1.3476990791874826 3.867957699236099 -0.0374398752987094
v -1.1177772470788283 3.446627210608925 0.547364459103393
v -1.3843361497662483 3.5938993120818985 -0.08576376324344126
v -1.9912291972267417 3.9047060432962795 0.24204646209806147
v -1.724670294539322 3.7574339418233054 0.8751746844448958
v -2.027866267805507 3.630647656142079 0.19372257415332983
v -1.7613073651180875 3.483375554669105 0.8268507965001641
vt 0.75 0.609375
vt 0.7890625 0.609375
vt 0.7890625 0.59375
vt 0.75 0.59375
vt 0.75 0.5390625
vt 0.7890625 0.5390625
vt 0.7890625 0.5234375
vt 0.75 0.5234375
vt 0.75 0.421875
vt 0.7890625 0.421875
vt 0.7890625 0.40625
vt 0.75 0.40625
vt 0.640625 0.25
vt 0.6796875 0.25
vt 0.6796875 0.234375
vt 0.640625 0.234375
vt 0.6953125 0.84375
vt 0.65625 0.84375
vt 0.65625 0.8828125
vt 0.6953125 0.8828125
vt 0.6953125 0.6484375
vt 0.65625 0.6484375
vt 0.65625 0.609375
vt 0.6953125 0.609375
vn -0.37940952255126037 0.20962135251023778 -0.9011699633083669
vn 0.9159756150367536 -0.05230615647743872 -0.3978099277954221
vn 0.37940952255126037 -0.20962135251023778 0.9011699633083669
vn -0.9159756150367536 0.05230615647743872 0.3978099277954221
vn 0.13052619222005157 0.9763825861650424 0.17216259343480464
vn -0.13052619222005157 -0.9763825861650424 -0.17216259343480464
usemtl m_d9305973-deba-ca33-40e9-62517e6e57ed
f 156/436/109 159/435/109 157/434/109 154/433/109
f 155/440/110 156/439/110 154/438/110 153/437/110
f 160/444/111 155/443/111 153/442/111 158/441/111
f 159/448/112 160/447/112 158/446/112 157/445/112
f 158/452/113 153/451/113 154/450/113 157/449/113
f 159/456/114 156/455/114 155/454/114 160/453/114
o cube
v -1.3707425748074185 3.4723775889274595 -0.2253345769136595
v -1.3707425748074185 3.4967968639118716 -0.3638231671810012
v -1.5175845410549764 2.373947179491787 -0.41901749452781484
v -1.5175845410549764 2.398366454476199 -0.5575060847951565
v -2.346696110222263 3.6233315823865047 -0.3415116823175735
v -2.346696110222263 3.5989123074020926 -0.20302309205023178
v -2.493538076469821 2.524901172950832 -0.5351945999317289
v -2.493538076469821 2.50048189796642 -0.3967060096643871
vt 0.21875 0.59375
vt 0.2734375 0.59375
vt 0.2734375 0.53125
vt 0.21875 0.53125
vt 0.296875 0.28125
vt 0.3046875 0.28125
vt 0.3046875 0.21875
vt 0.296875 0.21875
vt 0.421875 0.953125
vt 0.4765625 0.953125
vt 0.4765625 0.890625
vt 0.421875 0.890625
vt 0.1640625 0.2578125
vt 0.171875 0.2578125
vt 0.171875 0.1953125
vt 0.1640625 0.1953125
vt 0.5859375 0.5546875
vt 0.53125 0.5546875
vt 0.53125 0.5625
vt 0.5859375 0.5625
vt 0.609375 0.6328125
vt 0.5546875 0.6328125
vt 0.5546875 0.625
vt 0.609375 0.625
vn -2.0816681711721685e-17 0.17364817766693044 -0.984807753012208
vn 0.9914448613738106 -0.12854320606946854 -0.02266563541681544
vn 2.0816681711721685e-17 -0.17364817766693044 0.984807753012208
vn -0.9914448613738106 0.12854320606946854 0.02266563541681544
vn 0.1305261922200516 0.9763825861650425 0.17216259343480467
vn -0.1305261922200516 -0.9763825861650425 -0.17216259343480467
usemtl m_d9305973-deba-ca33-40e9-62517e6e57ed
f 164/460/115 167/459/115 165/458/115 162/457/115
f 163/464/116 164/463/116 162/462/116 161/461/116
f 168/468/117 163/467/117 161/466/117 166/465/117
f 167/472/118 168/471/118 166/470/118 165/469/118
f 166/476/119 161/475/119 162/474/119 165/473/119
f 167/480/120 164/479/120 163/478/120 168/477/120
o cube
v 1.41537029170083 2.7202385321507925 0.05046710335128124
v 1.4614844277687289 2.512231106450291 1.0115084853599654
v 1.289941140631603 2.042828762521911 -0.09013267509235362
v 1.3360552766995024 1.8348213368214097 0.8709087069163306
v 2.567184380178647 2.3268400229733976 0.918327149203156
v 2.5210702441107475 2.534847448673899 -0.042714232805528274
v 2.44175522910942 1.6494302533445162 0.7777273707595209
v 2.3956410930415206 1.8574376790450176 -0.18331401124916313
vt 0.1953125 0.46875
vt 0.2578125 0.46875
vt 0.2578125 0.4296875
vt 0.1953125 0.4296875
vt 0.34375 0.4296875
vt 0.3984375 0.4296875
vt 0.3984375 0.390625
vt 0.34375 0.390625
vt 0.5546875 0.8984375
vt 0.6171875 0.8984375
vt 0.6171875 0.859375
vt 0.5546875 0.859375
vt 0.3984375 0.4296875
vt 0.453125 0.4296875
vt 0.453125 0.390625
vt 0.3984375 0.390625
vt 0.0625 0.53125
vt 0 0.53125
vt 0 0.5859375
vt 0.0625 0.5859375
vt 0.4765625 0.6171875
vt 0.4140625 0.6171875
vt 0.4140625 0.5625
vt 0.4765625 0.5625
vn 0.046846106481675386 -0.21130913087035033 0.9762960071199331
vn -0.9828444021421494 0.16479207420168313 0.08282785436160844
vn -0.046846106481675386 0.21130913087035033 -0.9762960071199331
vn 0.9828444021421494 -0.16479207420168313 -0.08282785436160844
vn 0.17838812596512252 0.963427227916631 0.19996412934205854
vn -0.17838812596512252 -0.963427227916631 -0.19996412934205854
usemtl m_d9305973-deba-ca33-40e9-62517e6e57ed
f 172/484/121 175/483/121 173/482/121 170/481/121
f 171/488/122 172/487/122 170/486/122 169/485/122
f 176/492/123 171/491/123 169/490/123 174/489/123
f 175/496/124 176/495/124 174/494/124 173/493/124
f 174/500/125 169/499/125 170/498/125 173/497/125
f 175/504/126 172/503/126 171/502/126 176/501/126
o cube
v 2.5025721476208878 2.36965014821948 0.0664574375069853
v 2.5355108162408158 2.2210734155762646 0.7529155675131884
v 2.4022288267655068 1.827722332516374 -0.04602238524792257
v 2.4351674953854348 1.6791455998731593 0.6404357447582805
v 2.673723310292056 2.197899530141653 0.7412679004935872
v 2.640784641672128 2.346476262784868 0.054809770487384224
v 2.5733799894366745 1.6559717144385475 0.6287880777386792
v 2.5404413208167465 1.8045484470817623 -0.05767005226752375
vt 0.6015625 0.2265625
vt 0.609375 0.2265625
vt 0.609375 0.1953125
vt 0.6015625 0.1953125
vt 0.375 0.3125
vt 0.4140625 0.3125
vt 0.4140625 0.28125
vt 0.375 0.28125
vt 0.609375 0.2265625
vt 0.6171875 0.2265625
vt 0.6171875 0.1953125
vt 0.609375 0.1953125
vt 0.6875 0.5234375
vt 0.7265625 0.5234375
vt 0.7265625 0.4921875
vt 0.6875 0.4921875
vt 0.7265625 0.1953125
vt 0.71875 0.1953125
vt 0.71875 0.234375
vt 0.7265625 0.234375
vt 0.734375 0.234375
vt 0.7265625 0.234375
vt 0.7265625 0.1953125
vt 0.734375 0.1953125
vn 0.046846106481675386 -0.21130913087035033 0.9762960071199331
vn -0.9828444021421494 0.16479207420168313 0.08282785436160844
vn -0.046846106481675386 0.21130913087035033 -0.9762960071199331
vn 0.9828444021421494 -0.16479207420168313 -0.08282785436160844
vn 0.17838812596512252 0.963427227916631 0.19996412934205854
vn -0.17838812596512252 -0.963427227916631 -0.19996412934205854
usemtl m_d9305973-deba-ca33-40e9-62517e6e57ed
f 180/508/127 183/507/127 181/506/127 178/505/127
f 179/512/128 180/511/128 178/510/128 177/509/128
f 184/516/129 179/515/129 177/514/129 182/513/129
f 183/520/130 184/519/130 182/518/130 181/517/130
f 182/524/131 177/523/131 178/522/131 181/521/131
f 183/528/132 180/527/132 179/526/132 184/525/132
o cube
v 1.717754090233294 1.9138764131607897 0.14950757585132401
v 1.7441050251292358 1.795015027046218 0.6986740798562865
v 1.592324939164067 1.2364666435319087 0.0089077974076891
v 1.6186758740600093 1.1176052574173367 0.5580743014126515
v 2.2969550013341946 1.702319485307771 0.6520834117778818
v 2.2706040664382527 1.8211808714223432 0.10291690777291929
v 2.171525850264968 1.02490971567889 0.5114836333342467
v 2.145174915369026 1.1437711017934622 -0.03768287067071563
vt 0.5078125 0.3125
vt 0.5390625 0.3125
vt 0.5390625 0.2734375
vt 0.5078125 0.2734375
vt 0.5390625 0.3125
vt 0.5703125 0.3125
vt 0.5703125 0.2734375
vt 0.5390625 0.2734375
vt 0.6875 0.3671875
vt 0.71875 0.3671875
vt 0.71875 0.328125
vt 0.6875 0.328125
vt 0.6875 0.328125
vt 0.71875 0.328125
vt 0.71875 0.2890625
vt 0.6875 0.2890625
vt 0.5234375 0.5234375
vt 0.4921875 0.5234375
vt 0.4921875 0.5546875
vt 0.5234375 0.5546875
vt 0.296875 0.28125
vt 0.265625 0.28125
vt 0.265625 0.25
vt 0.296875 0.25
vn 0.046846106481675386 -0.21130913087035033 0.9762960071199331
vn -0.9828444021421494 0.16479207420168313 0.08282785436160844
vn -0.046846106481675386 0.21130913087035033 -0.9762960071199331
vn 0.9828444021421494 -0.16479207420168313 -0.08282785436160844
vn 0.17838812596512252 0.963427227916631 0.19996412934205854
vn -0.17838812596512252 -0.963427227916631 -0.19996412934205854
usemtl m_d9305973-deba-ca33-40e9-62517e6e57ed
f 188/532/133 191/531/133 189/530/133 186/529/133
f 187/536/134 188/535/134 186/534/134 185/533/134
f 192/540/135 187/539/135 185/538/135 190/537/135
f 191/544/136 192/543/136 190/542/136 189/541/136
f 190/548/137 185/547/137 186/546/137 189/545/137
f 191/552/138 188/551/138 187/550/138 192/549/138
o cube
v 1.4351005115995124 1.98937441700099 0.03580385589916446
v 1.4745873875410822 1.8112606299083036 0.8587298621506005
v 1.385079366153105 1.7192234008729912 -0.020267335744157122
v 1.4245662420946745 1.5411096137803053 0.8026586705072791
v 2.441245570935453 1.6491824751786295 0.7772660790155099
v 2.401758694993884 1.8272962622713154 -0.04565992723592621
v 2.3912244254890456 1.3790314590506307 0.7211948873721883
v 2.351737549547476 1.557145246143317 -0.10173111887924785
vt 0.0703125 0.734375
vt 0.125 0.734375
vt 0.125 0.71875
vt 0.0703125 0.71875
vt 0.6875 0.2578125
vt 0.734375 0.2578125
vt 0.734375 0.2421875
vt 0.6875 0.2421875
vt 0.734375 0.7890625
vt 0.7890625 0.7890625
vt 0.7890625 0.7734375
vt 0.734375 0.7734375
vt 0.734375 0.2578125
vt 0.78125 0.2578125
vt 0.78125 0.2421875
vt 0.734375 0.2421875
vt 0.5546875 0.8359375
vt 0.5 0.8359375
vt 0.5 0.8828125
vt 0.5546875 0.8828125
vt 0.5546875 0.71875
vt 0.5 0.71875
vt 0.5 0.671875
vt 0.5546875 0.671875
vn 0.046846106481675386 -0.21130913087035033 0.9762960071199331
vn -0.9828444021421494 0.16479207420168313 0.08282785436160844
vn -0.046846106481675386 0.21130913087035033 -0.9762960071199331
vn 0.9828444021421494 -0.16479207420168313 -0.08282785436160844
vn 0.17838812596512252 0.963427227916631 0.19996412934205854
vn -0.17838812596512252 -0.963427227916631 -0.19996412934205854
usemtl m_d9305973-deba-ca33-40e9-62517e6e57ed
f 196/556/139 199/555/139 197/554/139 194/553/139
f 195/560/140 196/559/140 194/558/140 193/557/140
f 200/564/141 195/563/141 193/562/141 198/561/141
f 199/568/142 200/567/142 198/566/142 197/565/142
f 198/572/143 193/571/143 194/570/143 197/569/143
f 199/576/144 196/575/144 195/574/144 200/573/144
o cube
v 1.454112445112827 1.2596405289665205 0.020555464427290282
v 1.487051113732755 1.1110637963233054 0.7070135944334932
v 1.3286832940436004 0.5822307593376395 -0.12004431401634458
v 1.3616219626635284 0.4336540266944242 0.5664138159898584
v 2.3163260780401935 0.9720204837156352 0.6371275923158861
v 2.2833874094202655 1.1205972163588505 -0.04933053769031681
